332.75  -12.260  63.23 972.36
333.25   -7.430  63.62 969.40
335.75  -38.290  62.45 969.79
336.75   -8.970  68.19 968.91
338.75  -16.930  62.64 955.74
339.25   -8.130  65.91 953.10
341.75  -19.800  59.70 960.53
342.25  -27.650  63.03 955.23
350.75  -27.350  52.54 968.99
354.50  -50.440  55.87 955.15
355.00  -45.000  56.03 958.96
356.75  -12.260  63.23 959.73
357.00  -13.390  65.48 960.57
361.75  -38.990  59.18 961.48
362.75  -35.540  60.59 960.27
363.75  -18.430  57.49 955.74
364.50  -20.220  67.02 940.03
365.00  -30.070  65.06 954.57
  3.50  -16.190  52.97 970.24
  9.00  -29.050  54.63 970.88
 10.50   -1.970  56.83 970.33
 14.75  -55.780  55.40 969.58
 15.00  -59.040  56.67 972.01
 19.75  -49.970  52.54 972.97
 20.75  -49.970  52.54 960.45
 21.00  -49.970  52.54 962.65
 22.00  -47.600  54.32 966.64
 23.00  -30.070  65.06 969.17
 24.75  -31.760  61.88 961.53
 26.25  -38.290  62.45 956.76
 31.75  -27.470  57.82 964.47
 32.25  -19.800  59.70 954.27
 33.00   -2.290  61.51 970.10
 36.75  -25.560  60.95 961.47
 37.00  -25.560  60.95 962.63
 38.50  -25.710  55.71 956.60
 39.00   -9.780  56.35 962.18
 42.00  -40.030  52.54 977.48
 43.75  -30.960  56.67 980.15
 44.00  -36.470  57.32 980.51
 45.75  -47.860  57.65 973.87
 46.75  -51.710  62.45 960.96
 47.25  -20.220  67.02 962.52
 50.75  -18.430  64.85 967.94
 51.25  -13.390  65.48 964.89
 52.00   -7.430  63.62 970.53
 57.75  -53.530  57.32 973.64
